14
MG230196.1 0.0000000 0.0055108 0.0000010 0.0027523 0.0166310 0.0055108 0.0027560 0.0082926 0.0570274 0.0110544 0.0110544 0.0726273 0.0481640 0.0309346 
MG230197.1 0.0055108 0.0000000 0.0055108 0.0082785 0.0222411 0.0000010 0.0082926 0.0138624 0.0570274 0.0055108 0.0055108 0.0726273 0.0481640 0.0366709 
MG230198.1 0.0000010 0.0055108 0.0000000 0.0027523 0.0166310 0.0055108 0.0027560 0.0082926 0.0570274 0.0110544 0.0110544 0.0726273 0.0481640 0.0309346 
MG230199.1 0.0027523 0.0082785 0.0027523 0.0000000 0.0194318 0.0082785 0.0055202 0.0110733 0.0599715 0.0138385 0.0138385 0.0756524 0.0510755 0.0337984 
MG230200.1 0.0166310 0.0222411 0.0166310 0.0194318 0.0000000 0.0222411 0.0194655 0.0251023 0.0570274 0.0278848 0.0278848 0.0786871 0.0481640 0.0252332 
MG230201.1 0.0055108 0.0000010 0.0055108 0.0082785 0.0222411 0.0000000 0.0082926 0.0138624 0.0570274 0.0055108 0.0055108 0.0726273 0.0481640 0.0366709 
MG230202.1 0.0027560 0.0082926 0.0027560 0.0055202 0.0194655 0.0082926 0.0000000 0.0110923 0.0600790 0.0138624 0.0138624 0.0757911 0.0511664 0.0338573 
MG230203.1 0.0082926 0.0138624 0.0082926 0.0110733 0.0251023 0.0138624 0.0110923 0.0000000 0.0598639 0.0194655 0.0194655 0.0755142 0.0509846 0.0396216 
MG230205.1 0.0570274 0.0570274 0.0570274 0.0599715 0.0570274 0.0570274 0.0600790 0.0598639 0.0000000 0.0570274 0.0570274 0.0636095 0.0167171 0.0693591 
MG230207.1 0.0110544 0.0055108 0.0110544 0.0138385 0.0278848 0.0055108 0.0138624 0.0194655 0.0570274 0.0000000 0.0000010 0.0726273 0.0481640 0.0424424 
MG230208.1 0.0110544 0.0055108 0.0110544 0.0138385 0.0278848 0.0055108 0.0138624 0.0194655 0.0570274 0.0000010 0.0000000 0.0726273 0.0481640 0.0424424 
MG230211.1 0.0726273 0.0726273 0.0726273 0.0756524 0.0786871 0.0726273 0.0757911 0.0755142 0.0636095 0.0726273 0.0726273 0.0000000 0.0455835 0.0916027 
MG230212.1 0.0481640 0.0481640 0.0481640 0.0510755 0.0481640 0.0481640 0.0511664 0.0509846 0.0167171 0.0481640 0.0481640 0.0455835 0.0000000 0.0602952 
MG230232.1 0.0309346 0.0366709 0.0309346 0.0337984 0.0252332 0.0366709 0.0338573 0.0396216 0.0693591 0.0424424 0.0424424 0.0916027 0.0602952 0.0000000 
