15
NC_028302.1_1782-3355 0.0000000 0.1067069 0.1067069 0.1067069 0.1142791 0.1219104 0.1067069 0.1149115 0.1136544 0.1709752 0.1219104 0.1219104 0.2033100 0.1459984 0.1813553 
MG230196.1            0.1067069 0.0000000 0.0134412 0.0000010 0.0066942 0.0409644 0.0134412 0.0067258 0.0203385 0.1477091 0.0270948 0.0270948 0.1958773 0.1232827 0.0782289 
MG230197.1            0.1067069 0.0134412 0.0000000 0.0134412 0.0202412 0.0550531 0.0000010 0.0203385 0.0341692 0.1477091 0.0134412 0.0134412 0.1958773 0.1232827 0.0932307 
MG230198.1            0.1067069 0.0000010 0.0134412 0.0000000 0.0066942 0.0409644 0.0134412 0.0067258 0.0203385 0.1477091 0.0270948 0.0270948 0.1958773 0.1232827 0.0782289 
MG230199.1            0.1142791 0.0066942 0.0202412 0.0066942 0.0000000 0.0479812 0.0202412 0.0135051 0.0272264 0.1557459 0.0340024 0.0340024 0.2046537 0.1310757 0.0856990 
MG230200.1            0.1219104 0.0409644 0.0550531 0.0409644 0.0479812 0.0000000 0.0550531 0.0482213 0.0624983 0.1477091 0.0693639 0.0693639 0.2135071 0.1232827 0.0634722 
MG230201.1            0.1067069 0.0134412 0.0000010 0.0134412 0.0202412 0.0550531 0.0000000 0.0203385 0.0341692 0.1477091 0.0134412 0.0134412 0.1958773 0.1232827 0.0932307 
MG230202.1            0.1149115 0.0067258 0.0203385 0.0067258 0.0135051 0.0482213 0.0203385 0.0000000 0.0273592 0.1566764 0.0341692 0.0341692 0.2060199 0.1318273 0.0861619 
MG230203.1            0.1136544 0.0203385 0.0341692 0.0203385 0.0272264 0.0624983 0.0341692 0.0273592 0.0000000 0.1548280 0.0482213 0.0482213 0.2033100 0.1303336 0.1013813 
MG230205.1            0.1709752 0.1477091 0.1477091 0.1477091 0.1557459 0.1477091 0.1477091 0.1566764 0.1548280 0.0000000 0.1477091 0.1477091 0.1700014 0.0415796 0.1847963 
MG230207.1            0.1219104 0.0270948 0.0134412 0.0270948 0.0340024 0.0693639 0.0134412 0.0341692 0.0482213 0.1477091 0.0000000 0.0000010 0.1958773 0.1232827 0.1084808 
MG230208.1            0.1219104 0.0270948 0.0134412 0.0270948 0.0340024 0.0693639 0.0134412 0.0341692 0.0482213 0.1477091 0.0000010 0.0000000 0.1958773 0.1232827 0.1084808 
MG230211.1            0.2033100 0.1958773 0.1958773 0.1958773 0.2046537 0.2135071 0.1958773 0.2060199 0.2033100 0.1700014 0.1958773 0.1958773 0.0000000 0.1181932 0.2569656 
MG230212.1            0.1459984 0.1232827 0.1232827 0.1232827 0.1310757 0.1232827 0.1232827 0.1318273 0.1303336 0.0415796 0.1232827 0.1232827 0.1181932 0.0000000 0.1585759 
MG230232.1            0.1813553 0.0782289 0.0932307 0.0782289 0.0856990 0.0634722 0.0932307 0.0861619 0.1013813 0.1847963 0.1084808 0.1084808 0.2569656 0.1585759 0.0000000 
