38
NC_028302.1_Le__n      0.0000000 0.0627632 0.0627632 0.0670871 0.0670871 0.0670871 0.0672277 0.0627632 0.0627632 0.0670871 0.0670871 0.0714290 0.0714290 0.0670871 0.0669470 0.0714290 0.0757890 0.0714290 0.0714290 0.0889790 0.0845639 0.0801673 0.0845639 0.1032296 0.0371929 0.0329924 0.0329924 0.0371929 0.0634239 0.0982884 0.0847442 0.1133146 0.0984291 0.2162609 0.2391805 0.2831520 0.3025448 0.3025448 
MG230196.1             0.0627632 0.0000000 0.0000010 0.0040571 0.0040571 0.0040571 0.0040651 0.0081306 0.0081306 0.0122220 0.0122220 0.0163291 0.0163291 0.0204530 0.0122463 0.0245936 0.0287512 0.0245936 0.0245936 0.0329258 0.0287512 0.0329258 0.0371175 0.0459283 0.0500016 0.0542812 0.0542812 0.0585787 0.0856577 0.0851071 0.0717303 0.1089586 0.0721873 0.2495680 0.2734725 0.3196556 0.3400050 0.3400050 
MG230198.1             0.0627632 0.0000010 0.0000000 0.0040571 0.0040571 0.0040571 0.0040651 0.0081306 0.0081306 0.0122220 0.0122220 0.0163291 0.0163291 0.0204530 0.0122463 0.0245936 0.0287512 0.0245936 0.0245936 0.0329258 0.0287512 0.0329258 0.0371175 0.0459283 0.0500016 0.0542812 0.0542812 0.0585787 0.0856577 0.0851071 0.0717303 0.1089586 0.0721873 0.2495680 0.2734725 0.3196556 0.3400050 0.3400050 
MG230199.1             0.0670871 0.0040571 0.0040571 0.0000000 0.0081306 0.0081306 0.0081466 0.0122220 0.0122220 0.0163291 0.0163291 0.0204530 0.0204530 0.0245936 0.0163617 0.0287512 0.0329258 0.0287512 0.0287512 0.0371175 0.0329258 0.0371175 0.0413264 0.0502086 0.0542812 0.0585787 0.0585787 0.0628942 0.0901348 0.0895530 0.0761101 0.1135674 0.0721873 0.2551234 0.2791834 0.3257198 0.3462191 0.3462191 
MG230226.1             0.0670871 0.0040571 0.0040571 0.0081306 0.0000000 0.0000010 0.0081466 0.0122220 0.0122220 0.0163291 0.0163291 0.0204530 0.0204530 0.0245936 0.0163617 0.0287512 0.0329258 0.0287512 0.0287512 0.0371175 0.0329258 0.0371175 0.0413264 0.0502086 0.0542812 0.0585787 0.0585787 0.0628942 0.0901348 0.0895530 0.0761101 0.1135674 0.0765971 0.2551234 0.2791834 0.3257198 0.3462191 0.3462191 
MG230245.1             0.0670871 0.0040571 0.0040571 0.0081306 0.0000010 0.0000000 0.0081466 0.0122220 0.0122220 0.0163291 0.0163291 0.0204530 0.0204530 0.0245936 0.0163617 0.0287512 0.0329258 0.0287512 0.0287512 0.0371175 0.0329258 0.0371175 0.0413264 0.0502086 0.0542812 0.0585787 0.0585787 0.0628942 0.0901348 0.0895530 0.0761101 0.1135674 0.0765971 0.2551234 0.2791834 0.3257198 0.3462191 0.3462191 
MG230202.1             0.0672277 0.0040651 0.0040651 0.0081466 0.0081466 0.0081466 0.0000000 0.0122463 0.0122463 0.0163617 0.0163617 0.0204939 0.0204939 0.0246430 0.0163943 0.0288092 0.0329924 0.0288092 0.0288092 0.0371929 0.0329924 0.0371929 0.0414107 0.0503128 0.0543939 0.0587008 0.0587008 0.0630258 0.0903305 0.0897461 0.0762717 0.1138213 0.0767609 0.2558179 0.2799668 0.3266961 0.3472861 0.3472861 
MG230197.1             0.0627632 0.0081306 0.0081306 0.0122220 0.0122220 0.0122220 0.0122463 0.0000000 0.0000010 0.0040571 0.0040571 0.0081306 0.0081306 0.0122220 0.0204939 0.0329258 0.0371175 0.0329258 0.0329258 0.0413264 0.0371175 0.0413264 0.0455526 0.0545070 0.0500016 0.0542812 0.0542812 0.0585787 0.0856577 0.0851071 0.0717303 0.1089586 0.0721873 0.2495680 0.2734725 0.3196556 0.3400050 0.3400050 
MG230201.1             0.0627632 0.0081306 0.0081306 0.0122220 0.0122220 0.0122220 0.0122463 0.0000010 0.0000000 0.0040571 0.0040571 0.0081306 0.0081306 0.0122220 0.0204939 0.0329258 0.0371175 0.0329258 0.0329258 0.0413264 0.0371175 0.0413264 0.0455526 0.0545070 0.0500016 0.0542812 0.0542812 0.0585787 0.0856577 0.0851071 0.0717303 0.1089586 0.0721873 0.2495680 0.2734725 0.3196556 0.3400050 0.3400050 
MG230238.1             0.0670871 0.0122220 0.0122220 0.0163291 0.0163291 0.0163291 0.0163617 0.0040571 0.0040571 0.0000000 0.0000010 0.0040571 0.0040571 0.0081306 0.0246430 0.0371175 0.0413264 0.0371175 0.0371175 0.0455526 0.0413264 0.0455526 0.0497963 0.0588233 0.0542812 0.0585787 0.0585787 0.0628942 0.0901348 0.0806801 0.0673689 0.1043701 0.0677963 0.2551234 0.2791834 0.3257198 0.3462191 0.3462191 
MG230239.1             0.0670871 0.0122220 0.0122220 0.0163291 0.0163291 0.0163291 0.0163617 0.0040571 0.0040571 0.0000010 0.0000000 0.0040571 0.0040571 0.0081306 0.0246430 0.0371175 0.0413264 0.0371175 0.0371175 0.0455526 0.0413264 0.0455526 0.0497963 0.0588233 0.0542812 0.0585787 0.0585787 0.0628942 0.0901348 0.0806801 0.0673689 0.1043701 0.0677963 0.2551234 0.2791834 0.3257198 0.3462191 0.3462191 
MG230207.1             0.0714290 0.0163291 0.0163291 0.0204530 0.0204530 0.0204530 0.0204939 0.0081306 0.0081306 0.0040571 0.0040571 0.0000000 0.0000010 0.0122220 0.0288092 0.0413264 0.0455526 0.0413264 0.0413264 0.0497963 0.0455526 0.0497963 0.0540575 0.0631579 0.0585787 0.0628942 0.0628942 0.0672277 0.0946313 0.0851071 0.0717303 0.1089586 0.0721873 0.2607073 0.2849241 0.3318161 0.3524677 0.3524677 
MG230208.1             0.0714290 0.0163291 0.0163291 0.0204530 0.0204530 0.0204530 0.0204939 0.0081306 0.0081306 0.0040571 0.0040571 0.0000010 0.0000000 0.0122220 0.0288092 0.0413264 0.0455526 0.0413264 0.0413264 0.0497963 0.0455526 0.0497963 0.0540575 0.0631579 0.0585787 0.0628942 0.0628942 0.0672277 0.0946313 0.0851071 0.0717303 0.1089586 0.0721873 0.2607073 0.2849241 0.3318161 0.3524677 0.3524677 
MG230242.1             0.0670871 0.0204530 0.0204530 0.0245936 0.0245936 0.0245936 0.0246430 0.0122220 0.0122220 0.0081306 0.0081306 0.0122220 0.0122220 0.0000000 0.0329924 0.0371175 0.0413264 0.0371175 0.0371175 0.0455526 0.0413264 0.0540575 0.0583362 0.0588233 0.0542812 0.0585787 0.0585787 0.0628942 0.0901348 0.0806801 0.0673689 0.1043701 0.0677963 0.2551234 0.2791834 0.3257198 0.3462191 0.3462191 
MG230203.1             0.0669470 0.0122463 0.0122463 0.0163617 0.0163617 0.0163617 0.0163943 0.0204939 0.0204939 0.0246430 0.0246430 0.0288092 0.0288092 0.0329924 0.0000000 0.0371929 0.0329924 0.0371929 0.0371929 0.0456460 0.0414107 0.0456460 0.0498987 0.0589464 0.0541691 0.0584572 0.0584572 0.0627632 0.0899400 0.0893608 0.0759492 0.1133146 0.0764341 0.2544332 0.2784051 0.3247493 0.3451601 0.3451601 
MG230200.1             0.0714290 0.0245936 0.0245936 0.0287512 0.0287512 0.0287512 0.0288092 0.0329258 0.0329258 0.0371175 0.0371175 0.0413264 0.0413264 0.0371175 0.0371929 0.0000000 0.0040571 0.0081306 0.0081306 0.0245936 0.0204530 0.0413264 0.0455526 0.0374211 0.0585787 0.0628942 0.0628942 0.0672277 0.0946313 0.0851071 0.0717303 0.1181964 0.0721873 0.2607073 0.2849241 0.3318161 0.3524677 0.3524677 
MG230224.1             0.0757890 0.0287512 0.0287512 0.0329258 0.0329258 0.0329258 0.0329924 0.0371175 0.0371175 0.0413264 0.0413264 0.0455526 0.0455526 0.0413264 0.0329924 0.0040571 0.0000000 0.0122220 0.0122220 0.0287512 0.0245936 0.0455526 0.0497963 0.0416658 0.0628942 0.0672277 0.0672277 0.0715793 0.0991472 0.0895530 0.0761101 0.1228459 0.0765971 0.2663199 0.2906948 0.3379457 0.3587510 0.3587510 
MG230227.1             0.0714290 0.0245936 0.0245936 0.0287512 0.0287512 0.0287512 0.0288092 0.0329258 0.0329258 0.0371175 0.0371175 0.0413264 0.0413264 0.0371175 0.0371929 0.0081306 0.0122220 0.0000000 0.0000010 0.0163291 0.0122220 0.0413264 0.0455526 0.0289844 0.0585787 0.0628942 0.0628942 0.0672277 0.0946313 0.0851071 0.0717303 0.1181964 0.0765971 0.2607073 0.2849241 0.3318161 0.3524677 0.3524677 
MG230228.1             0.0714290 0.0245936 0.0245936 0.0287512 0.0287512 0.0287512 0.0288092 0.0329258 0.0329258 0.0371175 0.0371175 0.0413264 0.0413264 0.0371175 0.0371929 0.0081306 0.0122220 0.0000010 0.0000000 0.0163291 0.0122220 0.0413264 0.0455526 0.0289844 0.0585787 0.0628942 0.0628942 0.0672277 0.0946313 0.0851071 0.0717303 0.1181964 0.0765971 0.2607073 0.2849241 0.3318161 0.3524677 0.3524677 
MG230217.1             0.0889790 0.0329258 0.0329258 0.0371175 0.0371175 0.0371175 0.0371929 0.0413264 0.0413264 0.0455526 0.0455526 0.0497963 0.0497963 0.0455526 0.0456460 0.0245936 0.0287512 0.0163291 0.0163291 0.0000000 0.0040571 0.0413264 0.0455526 0.0206176 0.0759492 0.0803375 0.0803375 0.0847442 0.1128126 0.0940178 0.0805084 0.1275159 0.0899400 0.2833314 0.3081882 0.3565361 0.3778105 0.3778105 
MG230235.1             0.0845639 0.0287512 0.0287512 0.0329258 0.0329258 0.0329258 0.0329924 0.0371175 0.0371175 0.0413264 0.0413264 0.0455526 0.0455526 0.0413264 0.0414107 0.0204530 0.0245936 0.0122220 0.0122220 0.0040571 0.0000000 0.0371175 0.0413264 0.0164600 0.0715793 0.0759492 0.0759492 0.0803375 0.1082377 0.0895530 0.0761101 0.1228459 0.0854733 0.2776318 0.3023267 0.3503056 0.3714222 0.3714222 
MG230236.1             0.0801673 0.0329258 0.0329258 0.0371175 0.0371175 0.0371175 0.0371929 0.0413264 0.0413264 0.0455526 0.0455526 0.0497963 0.0497963 0.0540575 0.0456460 0.0413264 0.0455526 0.0413264 0.0413264 0.0413264 0.0371175 0.0000000 0.0040571 0.0545070 0.0672277 0.0715793 0.0715793 0.0759492 0.1036826 0.0940178 0.0805084 0.1181964 0.0899400 0.2663199 0.2849241 0.3379457 0.3587510 0.3587510 
MG230237.1             0.0845639 0.0371175 0.0371175 0.0413264 0.0413264 0.0413264 0.0414107 0.0455526 0.0455526 0.0497963 0.0497963 0.0540575 0.0540575 0.0583362 0.0498987 0.0455526 0.0497963 0.0455526 0.0455526 0.0455526 0.0413264 0.0040571 0.0000000 0.0588233 0.0715793 0.0759492 0.0759492 0.0803375 0.1036826 0.0985016 0.0849253 0.1228459 0.0944259 0.2719613 0.2906948 0.3441088 0.3650691 0.3650691 
MG230232.1_Nari__o_Cat 0.1032296 0.0459283 0.0459283 0.0502086 0.0502086 0.0502086 0.0503128 0.0545070 0.0545070 0.0588233 0.0588233 0.0631579 0.0631579 0.0588233 0.0589464 0.0374211 0.0416658 0.0289844 0.0289844 0.0206176 0.0164600 0.0545070 0.0588233 0.0000000 0.0899400 0.0944259 0.0944259 0.0989310 0.1278050 0.1039107 0.0901348 0.1381803 0.1043701 0.3040698 0.3298346 0.3802258 0.4024113 0.4024113 
MG230219.1             0.0371929 0.0500016 0.0500016 0.0542812 0.0542812 0.0542812 0.0543939 0.0500016 0.0500016 0.0542812 0.0542812 0.0585787 0.0585787 0.0542812 0.0541691 0.0585787 0.0628942 0.0585787 0.0585787 0.0759492 0.0715793 0.0672277 0.0715793 0.0899400 0.0000000 0.0040571 0.0040571 0.0081306 0.0332617 0.0806801 0.0673689 0.1089586 0.0854733 0.1841360 0.2061312 0.2480433 0.2665460 0.2665460 
MG230220.1             0.0329924 0.0542812 0.0542812 0.0585787 0.0585787 0.0585787 0.0587008 0.0542812 0.0542812 0.0585787 0.0585787 0.0628942 0.0628942 0.0585787 0.0584572 0.0628942 0.0672277 0.0628942 0.0628942 0.0803375 0.0759492 0.0715793 0.0759492 0.0944259 0.0040571 0.0000000 0.0000010 0.0040571 0.0290434 0.0851071 0.0717303 0.1043701 0.0899400 0.1789667 0.2008249 0.2424318 0.2608035 0.2608035 
MG230222.1             0.0329924 0.0542812 0.0542812 0.0585787 0.0585787 0.0585787 0.0587008 0.0542812 0.0542812 0.0585787 0.0585787 0.0628942 0.0628942 0.0585787 0.0584572 0.0628942 0.0672277 0.0628942 0.0628942 0.0803375 0.0759492 0.0715793 0.0759492 0.0944259 0.0040571 0.0000010 0.0000000 0.0040571 0.0290434 0.0851071 0.0717303 0.1043701 0.0899400 0.1789667 0.2008249 0.2424318 0.2608035 0.2608035 
MG230221.1             0.0371929 0.0585787 0.0585787 0.0628942 0.0628942 0.0628942 0.0630258 0.0585787 0.0585787 0.0628942 0.0628942 0.0672277 0.0672277 0.0628942 0.0627632 0.0672277 0.0715793 0.0672277 0.0672277 0.0847442 0.0803375 0.0759492 0.0803375 0.0989310 0.0081306 0.0040571 0.0040571 0.0000000 0.0332617 0.0895530 0.0761101 0.1089586 0.0854733 0.1841360 0.2061312 0.2480433 0.2665460 0.2665460 
MG230223.1             0.0634239 0.0856577 0.0856577 0.0901348 0.0901348 0.0901348 0.0903305 0.0856577 0.0856577 0.0901348 0.0901348 0.0946313 0.0946313 0.0901348 0.0899400 0.0946313 0.0991472 0.0946313 0.0946313 0.1128126 0.1082377 0.1036826 0.1036826 0.1278050 0.0332617 0.0290434 0.0290434 0.0332617 0.0000000 0.1179321 0.1039107 0.1283873 0.1231231 0.2013419 0.2066648 0.2417735 0.2600776 0.2600776 
MG230205.1             0.0982884 0.0851071 0.0851071 0.0895530 0.0895530 0.0895530 0.0897461 0.0851071 0.0851071 0.0806801 0.0806801 0.0851071 0.0851071 0.0806801 0.0893608 0.0851071 0.0895530 0.0851071 0.0851071 0.0940178 0.0895530 0.0940178 0.0985016 0.1039107 0.0806801 0.0851071 0.0851071 0.0895530 0.1179321 0.0000000 0.0247424 0.0952532 0.0993644 0.2906948 0.3159131 0.3650691 0.3867069 0.3867069 
MG230212.1             0.0847442 0.0717303 0.0717303 0.0761101 0.0761101 0.0761101 0.0762717 0.0717303 0.0717303 0.0673689 0.0673689 0.0717303 0.0717303 0.0673689 0.0759492 0.0717303 0.0761101 0.0717303 0.0717303 0.0805084 0.0761101 0.0805084 0.0849253 0.0901348 0.0673689 0.0717303 0.0717303 0.0761101 0.1039107 0.0247424 0.0000000 0.0679400 0.0856577 0.2727145 0.2973424 0.3451601 0.3662163 0.3662163 
MG230211.1             0.1133146 0.1089586 0.1089586 0.1135674 0.1135674 0.1135674 0.1138213 0.1089586 0.1089586 0.1043701 0.1043701 0.1089586 0.1089586 0.1043701 0.1133146 0.1181964 0.1228459 0.1181964 0.1181964 0.1275159 0.1228459 0.1181964 0.1228459 0.1381803 0.1089586 0.1043701 0.1043701 0.1089586 0.1283873 0.0952532 0.0679400 0.0000000 0.1429624 0.3196556 0.3462191 0.3984105 0.4214101 0.4214101 
NC_016470.1_Puma       0.0984291 0.0721873 0.0721873 0.0721873 0.0765971 0.0765971 0.0767609 0.0721873 0.0721873 0.0677963 0.0677963 0.0721873 0.0721873 0.0677963 0.0764341 0.0721873 0.0765971 0.0765971 0.0765971 0.0899400 0.0854733 0.0899400 0.0944259 0.1043701 0.0854733 0.0899400 0.0899400 0.0854733 0.1231231 0.0993644 0.0856577 0.1429624 0.0000000 0.2981949 0.3237868 0.3737810 0.3802258 0.3802258 
MG230229.1             0.2162609 0.2495680 0.2495680 0.2551234 0.2551234 0.2551234 0.2558179 0.2495680 0.2495680 0.2551234 0.2551234 0.2607073 0.2607073 0.2551234 0.2544332 0.2607073 0.2663199 0.2607073 0.2607073 0.2833314 0.2776318 0.2663199 0.2719613 0.3040698 0.1841360 0.1789667 0.1789667 0.1841360 0.2013419 0.2906948 0.2727145 0.3196556 0.2981949 0.0000000 0.0418377 0.0593189 0.0728061 0.0728061 
MG230230.1             0.2391805 0.2734725 0.2734725 0.2791834 0.2791834 0.2791834 0.2799668 0.2734725 0.2734725 0.2791834 0.2791834 0.2849241 0.2849241 0.2791834 0.2784051 0.2849241 0.2906948 0.2849241 0.2849241 0.3081882 0.3023267 0.2849241 0.2906948 0.3298346 0.2061312 0.2008249 0.2008249 0.2061312 0.2066648 0.3159131 0.2973424 0.3462191 0.3237868 0.0418377 0.0000000 0.0680843 0.0817264 0.0817264 
MG230231.1             0.2831520 0.3196556 0.3196556 0.3257198 0.3257198 0.3257198 0.3266961 0.3196556 0.3196556 0.3257198 0.3257198 0.3318161 0.3318161 0.3257198 0.3247493 0.3318161 0.3379457 0.3318161 0.3318161 0.3565361 0.3503056 0.3379457 0.3441088 0.3802258 0.2480433 0.2424318 0.2424318 0.2480433 0.2417735 0.3650691 0.3451601 0.3984105 0.3737810 0.0593189 0.0680843 0.0000000 0.0122706 0.0122706 
MG230233.1             0.3025448 0.3400050 0.3400050 0.3462191 0.3462191 0.3462191 0.3472861 0.3400050 0.3400050 0.3462191 0.3462191 0.3524677 0.3524677 0.3462191 0.3451601 0.3524677 0.3587510 0.3524677 0.3524677 0.3778105 0.3714222 0.3587510 0.3650691 0.4024113 0.2665460 0.2608035 0.2608035 0.2665460 0.2600776 0.3867069 0.3662163 0.4214101 0.3802258 0.0728061 0.0817264 0.0122706 0.0000000 0.0000010 
MG230234.1             0.3025448 0.3400050 0.3400050 0.3462191 0.3462191 0.3462191 0.3472861 0.3400050 0.3400050 0.3462191 0.3462191 0.3524677 0.3524677 0.3462191 0.3451601 0.3524677 0.3587510 0.3524677 0.3524677 0.3778105 0.3714222 0.3587510 0.3650691 0.4024113 0.2665460 0.2608035 0.2608035 0.2665460 0.2600776 0.3867069 0.3662163 0.4214101 0.3802258 0.0728061 0.0817264 0.0122706 0.0000010 0.0000000 
