15
NC_016470.1_2013-3582 0.0000000 0.1244629 0.1244629 0.1244629 0.1244629 0.1244629 0.1244629 0.1334947 0.1320847 0.1951413 0.1244629 0.1244629 0.2697945 0.1676679 0.1884052 
MG230196.1            0.1244629 0.0000000 0.0143040 0.0000010 0.0071250 0.0435683 0.0143040 0.0071561 0.0216334 0.1564341 0.0288258 0.0288258 0.2065662 0.1307073 0.0830048 
MG230197.1            0.1244629 0.0143040 0.0000000 0.0143040 0.0215375 0.0585342 0.0000010 0.0216334 0.0363337 0.1564341 0.0143040 0.0143040 0.2065662 0.1307073 0.0988842 
MG230198.1            0.1244629 0.0000010 0.0143040 0.0000000 0.0071250 0.0435683 0.0143040 0.0071561 0.0216334 0.1564341 0.0288258 0.0288258 0.2065662 0.1307073 0.0830048 
MG230199.1            0.1244629 0.0071250 0.0215375 0.0071250 0.0000000 0.0510231 0.0215375 0.0143671 0.0289555 0.1649079 0.0361693 0.0361693 0.2157565 0.1389405 0.0909135 
MG230200.1            0.1244629 0.0435683 0.0585342 0.0435683 0.0510231 0.0000000 0.0585342 0.0512598 0.0664145 0.1564341 0.0737258 0.0737258 0.2250199 0.1307073 0.0673722 
MG230201.1            0.1244629 0.0143040 0.0000010 0.0143040 0.0215375 0.0585342 0.0000000 0.0216334 0.0363337 0.1564341 0.0143040 0.0143040 0.2065662 0.1307073 0.0988842 
MG230202.1            0.1334947 0.0071561 0.0216334 0.0071561 0.0143671 0.0512598 0.0216334 0.0000000 0.0290865 0.1658163 0.0363337 0.0363337 0.2170754 0.1396762 0.0913674 
MG230203.1            0.1320847 0.0216334 0.0363337 0.0216334 0.0289555 0.0664145 0.0363337 0.0290865 0.0000000 0.1640108 0.0512598 0.0512598 0.2144565 0.1382134 0.1074627 
MG230205.1            0.1951413 0.1564341 0.1564341 0.1564341 0.1649079 0.1564341 0.1564341 0.1658163 0.1640108 0.0000000 0.1564341 0.1564341 0.1794345 0.0441742 0.1951413 
MG230207.1            0.1244629 0.0288258 0.0143040 0.0288258 0.0361693 0.0737258 0.0143040 0.0363337 0.0512598 0.1564341 0.0000000 0.0000010 0.2065662 0.1307073 0.1150126 
MG230208.1            0.1244629 0.0288258 0.0143040 0.0288258 0.0361693 0.0737258 0.0143040 0.0363337 0.0512598 0.1564341 0.0000010 0.0000000 0.2065662 0.1307073 0.1150126 
MG230211.1            0.2697945 0.2065662 0.2065662 0.2065662 0.2157565 0.2250199 0.2065662 0.2170754 0.2144565 0.1794345 0.2065662 0.2065662 0.0000000 0.1251202 0.2697945 
MG230212.1            0.1676679 0.1307073 0.1307073 0.1307073 0.1389405 0.1307073 0.1307073 0.1396762 0.1382134 0.0441742 0.1307073 0.1307073 0.1251202 0.0000000 0.1676679 
MG230232.1            0.1884052 0.0830048 0.0988842 0.0830048 0.0909135 0.0673722 0.0988842 0.0913674 0.1074627 0.1951413 0.1150126 0.1150126 0.2697945 0.1676679 0.0000000 
