16
NC_028302.1_1782-3355 0.0000000 0.0721679 0.0443332 0.0443332 0.0443332 0.0475025 0.0506992 0.0443332 0.0477992 0.0472096 0.0714133 0.0506992 0.0506992 0.0854334 0.0608493 0.0758988 
NC_016470.1_2013-3582 0.0721679 0.0000000 0.0523461 0.0523461 0.0523461 0.0523461 0.0523461 0.0523461 0.0560630 0.0553296 0.0739246 0.0523461 0.0523461 0.1127577 0.0629049 0.0786453 
MG230196.1            0.0443332 0.0523461 0.0000000 0.0055435 0.0000010 0.0027595 0.0169306 0.0055435 0.0027741 0.0083982 0.0616534 0.0111867 0.0111867 0.0823392 0.0513445 0.0325046 
MG230197.1            0.0443332 0.0523461 0.0055435 0.0000000 0.0055435 0.0083521 0.0227769 0.0000010 0.0083982 0.0141240 0.0616534 0.0055435 0.0055435 0.0823392 0.0513445 0.0387780 
MG230198.1            0.0443332 0.0523461 0.0000010 0.0055435 0.0000000 0.0027595 0.0169306 0.0055435 0.0027741 0.0083982 0.0616534 0.0111867 0.0111867 0.0823392 0.0513445 0.0325046 
MG230199.1            0.0475025 0.0523461 0.0027595 0.0083521 0.0027595 0.0000000 0.0198409 0.0083521 0.0055729 0.0112482 0.0650393 0.0140460 0.0140460 0.0860677 0.0546169 0.0356270 
MG230200.1            0.0506992 0.0523461 0.0169306 0.0227769 0.0169306 0.0198409 0.0000000 0.0227769 0.0199534 0.0258877 0.0616534 0.0287268 0.0287268 0.0898309 0.0513445 0.0263454 
MG230201.1            0.0443332 0.0523461 0.0055435 0.0000010 0.0055435 0.0083521 0.0227769 0.0000000 0.0083982 0.0141240 0.0616534 0.0055435 0.0055435 0.0823392 0.0513445 0.0387780 
MG230202.1            0.0477992 0.0560630 0.0027741 0.0083982 0.0027741 0.0055729 0.0199534 0.0083982 0.0000000 0.0113105 0.0654773 0.0141240 0.0141240 0.0867130 0.0549707 0.0358451 
MG230203.1            0.0472096 0.0553296 0.0083982 0.0141240 0.0083982 0.0112482 0.0258877 0.0141240 0.0113105 0.0000000 0.0646076 0.0199534 0.0199534 0.0854334 0.0542671 0.0422213 
MG230205.1            0.0714133 0.0739246 0.0616534 0.0616534 0.0616534 0.0650393 0.0616534 0.0616534 0.0654773 0.0646076 0.0000000 0.0616534 0.0616534 0.0713610 0.0172191 0.0775201 
MG230207.1            0.0506992 0.0523461 0.0111867 0.0055435 0.0111867 0.0140460 0.0287268 0.0055435 0.0141240 0.0199534 0.0616534 0.0000000 0.0000010 0.0823392 0.0513445 0.0451668 
MG230208.1            0.0506992 0.0523461 0.0111867 0.0055435 0.0111867 0.0140460 0.0287268 0.0055435 0.0141240 0.0199534 0.0616534 0.0000010 0.0000000 0.0823392 0.0513445 0.0451668 
MG230211.1            0.0854334 0.1127577 0.0823392 0.0823392 0.0823392 0.0860677 0.0898309 0.0823392 0.0867130 0.0854334 0.0713610 0.0823392 0.0823392 0.0000000 0.0493475 0.1086549 
MG230212.1            0.0608493 0.0629049 0.0513445 0.0513445 0.0513445 0.0546169 0.0513445 0.0513445 0.0549707 0.0542671 0.0172191 0.0513445 0.0513445 0.0493475 0.0000000 0.0663735 
MG230232.1            0.0758988 0.0786453 0.0325046 0.0387780 0.0325046 0.0356270 0.0263454 0.0387780 0.0358451 0.0422213 0.0775201 0.0451668 0.0451668 0.1086549 0.0663735 0.0000000 
