36
MG230196.1             0.0000000 0.0000010 0.0027510 0.0027510 0.0027510 0.0027544 0.0055095 0.0055095 0.0082756 0.0082756 0.0110493 0.0110493 0.0138305 0.0082860 0.0166195 0.0194162 0.0166195 0.0166195 0.0222205 0.0194162 0.0222205 0.0250327 0.0308382 0.0336026 0.0364539 0.0364539 0.0393132 0.0570121 0.0567900 0.0480031 0.0720679 0.1577457 0.1717327 0.1976152 0.2088709 0.2088709 
MG230198.1             0.0000010 0.0000000 0.0027510 0.0027510 0.0027510 0.0027544 0.0055095 0.0055095 0.0082756 0.0082756 0.0110493 0.0110493 0.0138305 0.0082860 0.0166195 0.0194162 0.0166195 0.0166195 0.0222205 0.0194162 0.0222205 0.0250327 0.0308382 0.0336026 0.0364539 0.0364539 0.0393132 0.0570121 0.0567900 0.0480031 0.0720679 0.1577457 0.1717327 0.1976152 0.2088709 0.2088709 
MG230199.1             0.0027510 0.0027510 0.0000000 0.0055095 0.0055095 0.0055164 0.0082756 0.0082756 0.0110493 0.0110493 0.0138305 0.0138305 0.0166195 0.0110632 0.0194162 0.0222205 0.0194162 0.0194162 0.0250327 0.0222205 0.0250327 0.0278527 0.0336890 0.0364539 0.0393132 0.0393132 0.0421805 0.0599490 0.0597151 0.0508992 0.0750606 0.1611009 0.1751442 0.2011450 0.2124505 0.2124505 
MG230226.1             0.0027510 0.0027510 0.0055095 0.0000000 0.0000010 0.0055164 0.0082756 0.0082756 0.0110493 0.0110493 0.0138305 0.0138305 0.0166195 0.0110632 0.0194162 0.0222205 0.0194162 0.0194162 0.0250327 0.0222205 0.0250327 0.0278527 0.0336890 0.0364539 0.0393132 0.0393132 0.0421805 0.0599490 0.0597151 0.0508992 0.0750606 0.1611009 0.1751442 0.2011450 0.2124505 0.2124505 
MG230245.1             0.0027510 0.0027510 0.0055095 0.0000010 0.0000000 0.0055164 0.0082756 0.0082756 0.0110493 0.0110493 0.0138305 0.0138305 0.0166195 0.0110632 0.0194162 0.0222205 0.0194162 0.0194162 0.0250327 0.0222205 0.0250327 0.0278527 0.0336890 0.0364539 0.0393132 0.0393132 0.0421805 0.0599490 0.0597151 0.0508992 0.0750606 0.1611009 0.1751442 0.2011450 0.2124505 0.2124505 
MG230202.1             0.0027544 0.0027544 0.0055164 0.0055164 0.0055164 0.0000000 0.0082860 0.0082860 0.0110632 0.0110632 0.0138480 0.0138480 0.0166406 0.0110771 0.0194408 0.0222489 0.0194408 0.0194408 0.0250647 0.0222489 0.0250647 0.0278884 0.0337322 0.0365009 0.0393640 0.0393640 0.0422352 0.0600276 0.0597919 0.0509643 0.0751600 0.1613336 0.1754003 0.2014468 0.2127727 0.2127727 
MG230197.1             0.0055095 0.0055095 0.0082756 0.0082756 0.0082756 0.0082860 0.0000000 0.0000010 0.0027510 0.0027510 0.0055095 0.0055095 0.0082756 0.0138480 0.0222205 0.0250327 0.0222205 0.0222205 0.0278527 0.0250327 0.0278527 0.0306805 0.0365479 0.0336026 0.0364539 0.0364539 0.0393132 0.0570121 0.0567900 0.0480031 0.0720679 0.1577457 0.1717327 0.1976152 0.2088709 0.2088709 
MG230201.1             0.0055095 0.0055095 0.0082756 0.0082756 0.0082756 0.0082860 0.0000010 0.0000000 0.0027510 0.0027510 0.0055095 0.0055095 0.0082756 0.0138480 0.0222205 0.0250327 0.0222205 0.0222205 0.0278527 0.0250327 0.0278527 0.0306805 0.0365479 0.0336026 0.0364539 0.0364539 0.0393132 0.0570121 0.0567900 0.0480031 0.0720679 0.1577457 0.1717327 0.1976152 0.2088709 0.2088709 
MG230238.1             0.0082756 0.0082756 0.0110493 0.0110493 0.0110493 0.0110632 0.0027510 0.0027510 0.0000000 0.0000010 0.0027510 0.0027510 0.0055095 0.0166406 0.0250327 0.0278527 0.0250327 0.0250327 0.0306805 0.0278527 0.0306805 0.0335174 0.0394148 0.0364539 0.0393132 0.0393132 0.0421805 0.0599490 0.0538733 0.0451145 0.0690840 0.1611009 0.1751442 0.2011450 0.2124505 0.2124505 
MG230239.1             0.0082756 0.0082756 0.0110493 0.0110493 0.0110493 0.0110632 0.0027510 0.0027510 0.0000010 0.0000000 0.0027510 0.0027510 0.0055095 0.0166406 0.0250327 0.0278527 0.0250327 0.0250327 0.0306805 0.0278527 0.0306805 0.0335174 0.0394148 0.0364539 0.0393132 0.0393132 0.0421805 0.0599490 0.0538733 0.0451145 0.0690840 0.1611009 0.1751442 0.2011450 0.2124505 0.2124505 
MG230207.1             0.0110493 0.0110493 0.0138305 0.0138305 0.0138305 0.0138480 0.0055095 0.0055095 0.0027510 0.0027510 0.0000000 0.0000010 0.0082756 0.0194408 0.0278527 0.0306805 0.0278527 0.0278527 0.0335174 0.0306805 0.0335174 0.0363614 0.0422899 0.0393132 0.0421805 0.0421805 0.0450573 0.0628945 0.0567900 0.0480031 0.0720679 0.1644672 0.1785673 0.2046872 0.2160429 0.2160429 
MG230208.1             0.0110493 0.0110493 0.0138305 0.0138305 0.0138305 0.0138480 0.0055095 0.0055095 0.0027510 0.0027510 0.0000010 0.0000000 0.0082756 0.0194408 0.0278527 0.0306805 0.0278527 0.0278527 0.0335174 0.0306805 0.0335174 0.0363614 0.0422899 0.0393132 0.0421805 0.0421805 0.0450573 0.0628945 0.0567900 0.0480031 0.0720679 0.1644672 0.1785673 0.2046872 0.2160429 0.2160429 
MG230242.1             0.0138305 0.0138305 0.0166195 0.0166195 0.0166195 0.0166406 0.0082756 0.0082756 0.0055095 0.0055095 0.0082756 0.0082756 0.0000000 0.0222489 0.0250327 0.0278527 0.0250327 0.0250327 0.0306805 0.0278527 0.0363614 0.0392134 0.0394148 0.0364539 0.0393132 0.0393132 0.0421805 0.0599490 0.0538733 0.0451145 0.0690840 0.1611009 0.1751442 0.2011450 0.2124505 0.2124505 
MG230203.1             0.0082860 0.0082860 0.0110632 0.0110632 0.0110632 0.0110771 0.0138480 0.0138480 0.0166406 0.0166406 0.0194408 0.0194408 0.0222489 0.0000000 0.0250647 0.0222489 0.0250647 0.0250647 0.0307200 0.0278884 0.0307200 0.0335595 0.0394656 0.0364069 0.0392636 0.0392636 0.0421274 0.0598705 0.0596375 0.0508335 0.0749612 0.1608688 0.1748888 0.2008440 0.2121293 0.2121293 
MG230200.1             0.0166195 0.0166195 0.0194162 0.0194162 0.0194162 0.0194408 0.0222205 0.0222205 0.0250327 0.0250327 0.0278527 0.0278527 0.0250327 0.0250647 0.0000000 0.0027510 0.0055095 0.0055095 0.0166195 0.0138305 0.0278527 0.0306805 0.0251607 0.0393132 0.0421805 0.0421805 0.0450573 0.0628945 0.0567900 0.0480031 0.0780622 0.1644672 0.1785673 0.2046872 0.2160429 0.2160429 
MG230224.1             0.0194162 0.0194162 0.0222205 0.0222205 0.0222205 0.0222489 0.0250327 0.0250327 0.0278527 0.0278527 0.0306805 0.0306805 0.0278527 0.0222489 0.0027510 0.0000000 0.0082756 0.0082756 0.0194162 0.0166195 0.0306805 0.0335174 0.0279955 0.0421805 0.0450573 0.0450573 0.0479412 0.0658485 0.0597151 0.0508992 0.0810727 0.1678449 0.1820020 0.2082418 0.2196481 0.2196481 
MG230227.1             0.0166195 0.0166195 0.0194162 0.0194162 0.0194162 0.0194408 0.0222205 0.0222205 0.0250327 0.0250327 0.0278527 0.0278527 0.0250327 0.0250647 0.0055095 0.0082756 0.0000000 0.0000010 0.0110493 0.0082756 0.0278527 0.0306805 0.0195148 0.0393132 0.0421805 0.0421805 0.0450573 0.0628945 0.0567900 0.0480031 0.0780622 0.1644672 0.1785673 0.2046872 0.2160429 0.2160429 
MG230228.1             0.0166195 0.0166195 0.0194162 0.0194162 0.0194162 0.0194408 0.0222205 0.0222205 0.0250327 0.0250327 0.0278527 0.0278527 0.0250327 0.0250647 0.0055095 0.0082756 0.0000010 0.0000000 0.0110493 0.0082756 0.0278527 0.0306805 0.0195148 0.0393132 0.0421805 0.0421805 0.0450573 0.0628945 0.0567900 0.0480031 0.0780622 0.1644672 0.1785673 0.2046872 0.2160429 0.2160429 
MG230217.1             0.0222205 0.0222205 0.0250327 0.0250327 0.0250327 0.0250647 0.0278527 0.0278527 0.0306805 0.0306805 0.0335174 0.0335174 0.0306805 0.0307200 0.0166195 0.0194162 0.0110493 0.0110493 0.0000000 0.0027510 0.0278527 0.0306805 0.0139005 0.0508335 0.0537340 0.0537340 0.0566428 0.0747636 0.0626487 0.0538035 0.0840921 0.1780461 0.1923769 0.2189816 0.2305416 0.2305416 
MG230235.1             0.0194162 0.0194162 0.0222205 0.0222205 0.0222205 0.0222489 0.0250327 0.0250327 0.0278527 0.0278527 0.0306805 0.0306805 0.0278527 0.0278884 0.0138305 0.0166195 0.0082756 0.0082756 0.0027510 0.0000000 0.0250327 0.0278527 0.0111050 0.0479412 0.0508335 0.0508335 0.0537340 0.0717824 0.0597151 0.0508992 0.0810727 0.1746342 0.1889067 0.2153890 0.2268973 0.2268973 
MG230236.1             0.0222205 0.0222205 0.0250327 0.0250327 0.0250327 0.0250647 0.0278527 0.0278527 0.0306805 0.0306805 0.0335174 0.0335174 0.0363614 0.0307200 0.0278527 0.0306805 0.0278527 0.0278527 0.0278527 0.0250327 0.0000000 0.0027510 0.0365479 0.0450573 0.0479412 0.0479412 0.0508335 0.0688111 0.0626487 0.0538035 0.0780622 0.1678449 0.1785673 0.2082418 0.2196481 0.2196481 
MG230237.1             0.0250327 0.0250327 0.0278527 0.0278527 0.0278527 0.0278884 0.0306805 0.0306805 0.0335174 0.0335174 0.0363614 0.0363614 0.0392134 0.0335595 0.0306805 0.0335174 0.0306805 0.0306805 0.0306805 0.0278527 0.0027510 0.0000000 0.0394148 0.0479412 0.0508335 0.0508335 0.0537340 0.0688111 0.0655908 0.0567163 0.0810727 0.1712338 0.1820020 0.2118091 0.2232662 0.2232662 
MG230232.1_Nari__o_Cat 0.0308382 0.0308382 0.0336890 0.0336890 0.0336890 0.0337322 0.0365479 0.0365479 0.0394148 0.0394148 0.0422899 0.0422899 0.0394148 0.0394656 0.0251607 0.0279955 0.0195148 0.0195148 0.0139005 0.0111050 0.0365479 0.0394148 0.0000000 0.0598705 0.0628118 0.0628118 0.0657617 0.0842045 0.0689021 0.0599490 0.0906428 0.1894652 0.2040741 0.2312508 0.2430563 0.2430563 
MG230219.1             0.0336026 0.0336026 0.0364539 0.0364539 0.0364539 0.0365009 0.0336026 0.0336026 0.0364539 0.0364539 0.0393132 0.0393132 0.0364539 0.0364069 0.0393132 0.0421805 0.0393132 0.0393132 0.0508335 0.0479412 0.0450573 0.0479412 0.0598705 0.0000000 0.0027510 0.0027510 0.0055095 0.0223621 0.0538733 0.0451145 0.0720679 0.1180025 0.1312998 0.1557440 0.1663923 0.1663923 
MG230220.1             0.0364539 0.0364539 0.0393132 0.0393132 0.0393132 0.0393640 0.0364539 0.0364539 0.0393132 0.0393132 0.0421805 0.0421805 0.0393132 0.0392636 0.0421805 0.0450573 0.0421805 0.0421805 0.0537340 0.0508335 0.0479412 0.0508335 0.0628118 0.0027510 0.0000000 0.0000010 0.0027510 0.0195395 0.0567900 0.0480031 0.0690840 0.1147965 0.1280425 0.1523791 0.1629823 0.1629823 
MG230222.1             0.0364539 0.0364539 0.0393132 0.0393132 0.0393132 0.0393640 0.0364539 0.0364539 0.0393132 0.0393132 0.0421805 0.0421805 0.0393132 0.0392636 0.0421805 0.0450573 0.0421805 0.0421805 0.0537340 0.0508335 0.0479412 0.0508335 0.0628118 0.0027510 0.0000010 0.0000000 0.0027510 0.0195395 0.0567900 0.0480031 0.0690840 0.1147965 0.1280425 0.1523791 0.1629823 0.1629823 
MG230221.1             0.0393132 0.0393132 0.0421805 0.0421805 0.0421805 0.0422352 0.0393132 0.0393132 0.0421805 0.0421805 0.0450573 0.0450573 0.0421805 0.0421274 0.0450573 0.0479412 0.0450573 0.0450573 0.0566428 0.0537340 0.0508335 0.0537340 0.0657617 0.0055095 0.0027510 0.0027510 0.0000000 0.0223621 0.0597151 0.0508992 0.0720679 0.1180025 0.1312998 0.1557440 0.1663923 0.1663923 
MG230223.1             0.0570121 0.0570121 0.0599490 0.0599490 0.0599490 0.0600276 0.0570121 0.0570121 0.0599490 0.0599490 0.0628945 0.0628945 0.0599490 0.0598705 0.0628945 0.0658485 0.0628945 0.0628945 0.0747636 0.0717824 0.0688111 0.0688111 0.0842045 0.0223621 0.0195395 0.0195395 0.0223621 0.0000000 0.0779585 0.0689021 0.0844292 0.1282234 0.1314858 0.1521591 0.1627446 0.1627446 
MG230205.1             0.0567900 0.0567900 0.0597151 0.0597151 0.0597151 0.0597919 0.0567900 0.0567900 0.0538733 0.0538733 0.0567900 0.0567900 0.0538733 0.0596375 0.0567900 0.0597151 0.0567900 0.0567900 0.0626487 0.0597151 0.0626487 0.0655908 0.0689021 0.0538733 0.0567900 0.0567900 0.0597151 0.0779585 0.0000000 0.0166827 0.0631424 0.1820020 0.1964408 0.2232662 0.2349213 0.2349213 
MG230212.1             0.0480031 0.0480031 0.0508992 0.0508992 0.0508992 0.0509643 0.0480031 0.0480031 0.0451145 0.0451145 0.0480031 0.0480031 0.0451145 0.0508335 0.0480031 0.0508992 0.0480031 0.0480031 0.0538035 0.0508992 0.0538035 0.0567163 0.0599490 0.0451145 0.0480031 0.0480031 0.0508992 0.0689021 0.0166827 0.0000000 0.0453488 0.1714829 0.1857215 0.2121293 0.2236073 0.2236073 
MG230211.1             0.0720679 0.0720679 0.0750606 0.0750606 0.0750606 0.0751600 0.0720679 0.0720679 0.0690840 0.0690840 0.0720679 0.0720679 0.0690840 0.0749612 0.0780622 0.0810727 0.0780622 0.0780622 0.0840921 0.0810727 0.0780622 0.0810727 0.0906428 0.0720679 0.0690840 0.0690840 0.0720679 0.0844292 0.0631424 0.0453488 0.0000000 0.1976152 0.2124505 0.2400905 0.2520961 0.2520961 
MG230229.1             0.1577457 0.1577457 0.1611009 0.1611009 0.1611009 0.1613336 0.1577457 0.1577457 0.1611009 0.1611009 0.1644672 0.1644672 0.1611009 0.1608688 0.1644672 0.1678449 0.1644672 0.1644672 0.1780461 0.1746342 0.1678449 0.1712338 0.1894652 0.1180025 0.1147965 0.1147965 0.1180025 0.1282234 0.1820020 0.1714829 0.1976152 0.0000000 0.0280668 0.0396180 0.0484406 0.0484406 
MG230230.1             0.1717327 0.1717327 0.1751442 0.1751442 0.1751442 0.1754003 0.1717327 0.1717327 0.1751442 0.1751442 0.1785673 0.1785673 0.1751442 0.1748888 0.1785673 0.1820020 0.1785673 0.1785673 0.1923769 0.1889067 0.1785673 0.1820020 0.2040741 0.1312998 0.1280425 0.1280425 0.1312998 0.1314858 0.1964408 0.1857215 0.2124505 0.0280668 0.0000000 0.0454074 0.0542950 0.0542950 
MG230231.1             0.1976152 0.1976152 0.2011450 0.2011450 0.2011450 0.2014468 0.1976152 0.1976152 0.2011450 0.2011450 0.2046872 0.2046872 0.2011450 0.2008440 0.2046872 0.2082418 0.2046872 0.2046872 0.2189816 0.2153890 0.2082418 0.2118091 0.2312508 0.1557440 0.1523791 0.1523791 0.1557440 0.1521591 0.2232662 0.2121293 0.2400905 0.0396180 0.0454074 0.0000000 0.0082964 0.0082964 
MG230233.1             0.2088709 0.2088709 0.2124505 0.2124505 0.2124505 0.2127727 0.2088709 0.2088709 0.2124505 0.2124505 0.2160429 0.2160429 0.2124505 0.2121293 0.2160429 0.2196481 0.2160429 0.2160429 0.2305416 0.2268973 0.2196481 0.2232662 0.2430563 0.1663923 0.1629823 0.1629823 0.1663923 0.1627446 0.2349213 0.2236073 0.2520961 0.0484406 0.0542950 0.0082964 0.0000000 0.0000010 
MG230234.1             0.2088709 0.2088709 0.2124505 0.2124505 0.2124505 0.2127727 0.2088709 0.2088709 0.2124505 0.2124505 0.2160429 0.2160429 0.2124505 0.2121293 0.2160429 0.2196481 0.2160429 0.2160429 0.2305416 0.2268973 0.2196481 0.2232662 0.2430563 0.1663923 0.1629823 0.1629823 0.1663923 0.1627446 0.2349213 0.2236073 0.2520961 0.0484406 0.0542950 0.0082964 0.0000010 0.0000000 
