38
NC_028302.1_Le__n      0.0000000 0.0627566 0.0627566 0.0670801 0.0670801 0.0670801 0.0672206 0.0627566 0.0627566 0.0670801 0.0670801 0.0714215 0.0714215 0.0670801 0.0669401 0.0714215 0.0757811 0.0714215 0.0714215 0.0889696 0.0845550 0.0801589 0.0845550 0.1032184 0.0371891 0.0329890 0.0329890 0.0371891 0.0634171 0.0982779 0.0847352 0.1133020 0.0984185 0.2162325 0.2391484 0.2831117 0.3025008 0.3025008 
MG230196.1             0.0627566 0.0000000 0.0000010 0.0040567 0.0040567 0.0040567 0.0040646 0.0081297 0.0081297 0.0122208 0.0122208 0.0163275 0.0163275 0.0204509 0.0122450 0.0245911 0.0287483 0.0245911 0.0245911 0.0329224 0.0287483 0.0329224 0.0371137 0.0459235 0.0499964 0.0542756 0.0542756 0.0585726 0.0856484 0.0850980 0.0717227 0.1089465 0.0721796 0.2495344 0.2734349 0.3196089 0.3399543 0.3399543 
MG230198.1             0.0627566 0.0000010 0.0000000 0.0040567 0.0040567 0.0040567 0.0040646 0.0081297 0.0081297 0.0122208 0.0122208 0.0163275 0.0163275 0.0204509 0.0122450 0.0245911 0.0287483 0.0245911 0.0245911 0.0329224 0.0287483 0.0329224 0.0371137 0.0459235 0.0499964 0.0542756 0.0542756 0.0585726 0.0856484 0.0850980 0.0717227 0.1089465 0.0721796 0.2495344 0.2734349 0.3196089 0.3399543 0.3399543 
MG230199.1             0.0670801 0.0040567 0.0040567 0.0000000 0.0081297 0.0081297 0.0081458 0.0122208 0.0122208 0.0163275 0.0163275 0.0204509 0.0204509 0.0245911 0.0163600 0.0287483 0.0329224 0.0287483 0.0287483 0.0371137 0.0329224 0.0371137 0.0413222 0.0502034 0.0542756 0.0585726 0.0585726 0.0628876 0.0901250 0.0895434 0.0761021 0.1135547 0.0721796 0.2550890 0.2791449 0.3256721 0.3461673 0.3461673 
MG230226.1             0.0670801 0.0040567 0.0040567 0.0081297 0.0000000 0.0000010 0.0081458 0.0122208 0.0122208 0.0163275 0.0163275 0.0204509 0.0204509 0.0245911 0.0163600 0.0287483 0.0329224 0.0287483 0.0287483 0.0371137 0.0329224 0.0371137 0.0413222 0.0502034 0.0542756 0.0585726 0.0585726 0.0628876 0.0901250 0.0895434 0.0761021 0.1135547 0.0765889 0.2550890 0.2791449 0.3256721 0.3461673 0.3461673 
MG230245.1             0.0670801 0.0040567 0.0040567 0.0081297 0.0000010 0.0000000 0.0081458 0.0122208 0.0122208 0.0163275 0.0163275 0.0204509 0.0204509 0.0245911 0.0163600 0.0287483 0.0329224 0.0287483 0.0287483 0.0371137 0.0329224 0.0371137 0.0413222 0.0502034 0.0542756 0.0585726 0.0585726 0.0628876 0.0901250 0.0895434 0.0761021 0.1135547 0.0765889 0.2550890 0.2791449 0.3256721 0.3461673 0.3461673 
MG230202.1             0.0672206 0.0040646 0.0040646 0.0081458 0.0081458 0.0081458 0.0000000 0.0122450 0.0122450 0.0163600 0.0163600 0.0204918 0.0204918 0.0246405 0.0163926 0.0288062 0.0329890 0.0288062 0.0288062 0.0371891 0.0329890 0.0371891 0.0414065 0.0503075 0.0543882 0.0586946 0.0586946 0.0630191 0.0903206 0.0897364 0.0762636 0.1138086 0.0767526 0.2557832 0.2799279 0.3266480 0.3472337 0.3472337 
MG230197.1             0.0627566 0.0081297 0.0081297 0.0122208 0.0122208 0.0122208 0.0122450 0.0000000 0.0000010 0.0040567 0.0040567 0.0081297 0.0081297 0.0122208 0.0204918 0.0329224 0.0371137 0.0329224 0.0329224 0.0413222 0.0371137 0.0413222 0.0455480 0.0545012 0.0499964 0.0542756 0.0542756 0.0585726 0.0856484 0.0850980 0.0717227 0.1089465 0.0721796 0.2495344 0.2734349 0.3196089 0.3399543 0.3399543 
MG230201.1             0.0627566 0.0081297 0.0081297 0.0122208 0.0122208 0.0122208 0.0122450 0.0000010 0.0000000 0.0040567 0.0040567 0.0081297 0.0081297 0.0122208 0.0204918 0.0329224 0.0371137 0.0329224 0.0329224 0.0413222 0.0371137 0.0413222 0.0455480 0.0545012 0.0499964 0.0542756 0.0542756 0.0585726 0.0856484 0.0850980 0.0717227 0.1089465 0.0721796 0.2495344 0.2734349 0.3196089 0.3399543 0.3399543 
MG230238.1             0.0670801 0.0122208 0.0122208 0.0163275 0.0163275 0.0163275 0.0163600 0.0040567 0.0040567 0.0000000 0.0000010 0.0040567 0.0040567 0.0081297 0.0246405 0.0371137 0.0413222 0.0371137 0.0371137 0.0455480 0.0413222 0.0455480 0.0497912 0.0588171 0.0542756 0.0585726 0.0585726 0.0628876 0.0901250 0.0806715 0.0673618 0.1043585 0.0677890 0.2550890 0.2791449 0.3256721 0.3461673 0.3461673 
MG230239.1             0.0670801 0.0122208 0.0122208 0.0163275 0.0163275 0.0163275 0.0163600 0.0040567 0.0040567 0.0000010 0.0000000 0.0040567 0.0040567 0.0081297 0.0246405 0.0371137 0.0413222 0.0371137 0.0371137 0.0455480 0.0413222 0.0455480 0.0497912 0.0588171 0.0542756 0.0585726 0.0585726 0.0628876 0.0901250 0.0806715 0.0673618 0.1043585 0.0677890 0.2550890 0.2791449 0.3256721 0.3461673 0.3461673 
MG230207.1             0.0714215 0.0163275 0.0163275 0.0204509 0.0204509 0.0204509 0.0204918 0.0081297 0.0081297 0.0040567 0.0040567 0.0000000 0.0000010 0.0122208 0.0288062 0.0413222 0.0455480 0.0413222 0.0413222 0.0497912 0.0455480 0.0497912 0.0540519 0.0631512 0.0585726 0.0628876 0.0628876 0.0672206 0.0946210 0.0850980 0.0717227 0.1089465 0.0721796 0.2606720 0.2848847 0.3317674 0.3524148 0.3524148 
MG230208.1             0.0714215 0.0163275 0.0163275 0.0204509 0.0204509 0.0204509 0.0204918 0.0081297 0.0081297 0.0040567 0.0040567 0.0000010 0.0000000 0.0122208 0.0288062 0.0413222 0.0455480 0.0413222 0.0413222 0.0497912 0.0455480 0.0497912 0.0540519 0.0631512 0.0585726 0.0628876 0.0628876 0.0672206 0.0946210 0.0850980 0.0717227 0.1089465 0.0721796 0.2606720 0.2848847 0.3317674 0.3524148 0.3524148 
MG230242.1             0.0670801 0.0204509 0.0204509 0.0245911 0.0245911 0.0245911 0.0246405 0.0122208 0.0122208 0.0081297 0.0081297 0.0122208 0.0122208 0.0000000 0.0329890 0.0371137 0.0413222 0.0371137 0.0371137 0.0455480 0.0413222 0.0540519 0.0583302 0.0588171 0.0542756 0.0585726 0.0585726 0.0628876 0.0901250 0.0806715 0.0673618 0.1043585 0.0677890 0.2550890 0.2791449 0.3256721 0.3461673 0.3461673 
MG230203.1             0.0669401 0.0122450 0.0122450 0.0163600 0.0163600 0.0163600 0.0163926 0.0204918 0.0204918 0.0246405 0.0246405 0.0288062 0.0288062 0.0329890 0.0000000 0.0371891 0.0329890 0.0371891 0.0371891 0.0456412 0.0414065 0.0456412 0.0498936 0.0589402 0.0541635 0.0584512 0.0584512 0.0627566 0.0899303 0.0893513 0.0759412 0.1133020 0.0764259 0.2543991 0.2783669 0.3247021 0.3451088 0.3451088 
MG230200.1             0.0714215 0.0245911 0.0245911 0.0287483 0.0287483 0.0287483 0.0288062 0.0329224 0.0329224 0.0371137 0.0371137 0.0413222 0.0413222 0.0371137 0.0371891 0.0000000 0.0040567 0.0081297 0.0081297 0.0245911 0.0204509 0.0413222 0.0455480 0.0374172 0.0585726 0.0628876 0.0628876 0.0672206 0.0946210 0.0850980 0.0717227 0.1181832 0.0721796 0.2606720 0.2848847 0.3317674 0.3524148 0.3524148 
MG230224.1             0.0757811 0.0287483 0.0287483 0.0329224 0.0329224 0.0329224 0.0329890 0.0371137 0.0371137 0.0413222 0.0413222 0.0455480 0.0455480 0.0413222 0.0329890 0.0040567 0.0000000 0.0122208 0.0122208 0.0287483 0.0245911 0.0455480 0.0497912 0.0416615 0.0628876 0.0672206 0.0672206 0.0715718 0.0991364 0.0895434 0.0761021 0.1228321 0.0765889 0.2662838 0.2906545 0.3378959 0.3586970 0.3586970 
MG230227.1             0.0714215 0.0245911 0.0245911 0.0287483 0.0287483 0.0287483 0.0288062 0.0329224 0.0329224 0.0371137 0.0371137 0.0413222 0.0413222 0.0371137 0.0371891 0.0081297 0.0122208 0.0000000 0.0000010 0.0163275 0.0122208 0.0413222 0.0455480 0.0289814 0.0585726 0.0628876 0.0628876 0.0672206 0.0946210 0.0850980 0.0717227 0.1181832 0.0765889 0.2606720 0.2848847 0.3317674 0.3524148 0.3524148 
MG230228.1             0.0714215 0.0245911 0.0245911 0.0287483 0.0287483 0.0287483 0.0288062 0.0329224 0.0329224 0.0371137 0.0371137 0.0413222 0.0413222 0.0371137 0.0371891 0.0081297 0.0122208 0.0000010 0.0000000 0.0163275 0.0122208 0.0413222 0.0455480 0.0289814 0.0585726 0.0628876 0.0628876 0.0672206 0.0946210 0.0850980 0.0717227 0.1181832 0.0765889 0.2606720 0.2848847 0.3317674 0.3524148 0.3524148 
MG230217.1             0.0889696 0.0329224 0.0329224 0.0371137 0.0371137 0.0371137 0.0371891 0.0413222 0.0413222 0.0455480 0.0455480 0.0497912 0.0497912 0.0455480 0.0456412 0.0245911 0.0287483 0.0163275 0.0163275 0.0000000 0.0040567 0.0413222 0.0455480 0.0206154 0.0759412 0.0803290 0.0803290 0.0847352 0.1128002 0.0940077 0.0804999 0.1275015 0.0899303 0.2832927 0.3081451 0.3564832 0.3777531 0.3777531 
MG230235.1             0.0845550 0.0287483 0.0287483 0.0329224 0.0329224 0.0329224 0.0329890 0.0371137 0.0371137 0.0413222 0.0413222 0.0455480 0.0455480 0.0413222 0.0414065 0.0204509 0.0245911 0.0122208 0.0122208 0.0040567 0.0000000 0.0371137 0.0413222 0.0164583 0.0715718 0.0759412 0.0759412 0.0803290 0.1082259 0.0895434 0.0761021 0.1228321 0.0854641 0.2775939 0.3022845 0.3502537 0.3713659 0.3713659 
MG230236.1             0.0801589 0.0329224 0.0329224 0.0371137 0.0371137 0.0371137 0.0371891 0.0413222 0.0413222 0.0455480 0.0455480 0.0497912 0.0497912 0.0540519 0.0456412 0.0413222 0.0455480 0.0413222 0.0413222 0.0413222 0.0371137 0.0000000 0.0040567 0.0545012 0.0672206 0.0715718 0.0715718 0.0759412 0.1036713 0.0940077 0.0804999 0.1181832 0.0899303 0.2662838 0.2848847 0.3378959 0.3586970 0.3586970 
MG230237.1             0.0845550 0.0371137 0.0371137 0.0413222 0.0413222 0.0413222 0.0414065 0.0455480 0.0455480 0.0497912 0.0497912 0.0540519 0.0540519 0.0583302 0.0498936 0.0455480 0.0497912 0.0455480 0.0455480 0.0455480 0.0413222 0.0040567 0.0000000 0.0588171 0.0715718 0.0759412 0.0759412 0.0803290 0.1036713 0.0984910 0.0849162 0.1228321 0.0944156 0.2719244 0.2906545 0.3440580 0.3650139 0.3650139 
MG230232.1_Nari__o_Cat 0.1032184 0.0459235 0.0459235 0.0502034 0.0502034 0.0502034 0.0503075 0.0545012 0.0545012 0.0588171 0.0588171 0.0631512 0.0631512 0.0588171 0.0589402 0.0374172 0.0416615 0.0289814 0.0289814 0.0206154 0.0164583 0.0545012 0.0588171 0.0000000 0.0899303 0.0944156 0.0944156 0.0989203 0.1277905 0.1038993 0.0901250 0.1381644 0.1043585 0.3040268 0.3297869 0.3801672 0.4023478 0.4023478 
MG230219.1             0.0371891 0.0499964 0.0499964 0.0542756 0.0542756 0.0542756 0.0543882 0.0499964 0.0499964 0.0542756 0.0542756 0.0585726 0.0585726 0.0542756 0.0541635 0.0585726 0.0628876 0.0585726 0.0585726 0.0759412 0.0715718 0.0672206 0.0715718 0.0899303 0.0000000 0.0040567 0.0040567 0.0081297 0.0332583 0.0806715 0.0673618 0.1089465 0.0854641 0.1841124 0.2061041 0.2480088 0.2665082 0.2665082 
MG230220.1             0.0329890 0.0542756 0.0542756 0.0585726 0.0585726 0.0585726 0.0586946 0.0542756 0.0542756 0.0585726 0.0585726 0.0628876 0.0628876 0.0585726 0.0584512 0.0628876 0.0672206 0.0628876 0.0628876 0.0803290 0.0759412 0.0715718 0.0759412 0.0944156 0.0040567 0.0000000 0.0000010 0.0040567 0.0290403 0.0850980 0.0717227 0.1043585 0.0899303 0.1789438 0.2007985 0.2423982 0.2607665 0.2607665 
MG230222.1             0.0329890 0.0542756 0.0542756 0.0585726 0.0585726 0.0585726 0.0586946 0.0542756 0.0542756 0.0585726 0.0585726 0.0628876 0.0628876 0.0585726 0.0584512 0.0628876 0.0672206 0.0628876 0.0628876 0.0803290 0.0759412 0.0715718 0.0759412 0.0944156 0.0040567 0.0000010 0.0000000 0.0040567 0.0290403 0.0850980 0.0717227 0.1043585 0.0899303 0.1789438 0.2007985 0.2423982 0.2607665 0.2607665 
MG230221.1             0.0371891 0.0585726 0.0585726 0.0628876 0.0628876 0.0628876 0.0630191 0.0585726 0.0585726 0.0628876 0.0628876 0.0672206 0.0672206 0.0628876 0.0627566 0.0672206 0.0715718 0.0672206 0.0672206 0.0847352 0.0803290 0.0759412 0.0803290 0.0989203 0.0081297 0.0040567 0.0040567 0.0000000 0.0332583 0.0895434 0.0761021 0.1089465 0.0854641 0.1841124 0.2061041 0.2480088 0.2665082 0.2665082 
MG230223.1             0.0634171 0.0856484 0.0856484 0.0901250 0.0901250 0.0901250 0.0903206 0.0856484 0.0856484 0.0901250 0.0901250 0.0946210 0.0946210 0.0901250 0.0899303 0.0946210 0.0991364 0.0946210 0.0946210 0.1128002 0.1082259 0.1036713 0.1036713 0.1277905 0.0332583 0.0290403 0.0290403 0.0332583 0.0000000 0.1179190 0.1038993 0.1283727 0.1231092 0.2013154 0.2066375 0.2417402 0.2600410 0.2600410 
MG230205.1             0.0982779 0.0850980 0.0850980 0.0895434 0.0895434 0.0895434 0.0897364 0.0850980 0.0850980 0.0806715 0.0806715 0.0850980 0.0850980 0.0806715 0.0893513 0.0850980 0.0895434 0.0850980 0.0850980 0.0940077 0.0895434 0.0940077 0.0984910 0.1038993 0.0806715 0.0850980 0.0850980 0.0895434 0.1179190 0.0000000 0.0247398 0.0952427 0.0993534 0.2906545 0.3158682 0.3650139 0.3866471 0.3866471 
MG230212.1             0.0847352 0.0717227 0.0717227 0.0761021 0.0761021 0.0761021 0.0762636 0.0717227 0.0717227 0.0673618 0.0673618 0.0717227 0.0717227 0.0673618 0.0759412 0.0717227 0.0761021 0.0717227 0.0717227 0.0804999 0.0761021 0.0804999 0.0849162 0.0901250 0.0673618 0.0717227 0.0717227 0.0761021 0.1038993 0.0247398 0.0000000 0.0679327 0.0856484 0.2726772 0.2973008 0.3451088 0.3661606 0.3661606 
MG230211.1             0.1133020 0.1089465 0.1089465 0.1135547 0.1135547 0.1135547 0.1138086 0.1089465 0.1089465 0.1043585 0.1043585 0.1089465 0.1089465 0.1043585 0.1133020 0.1181832 0.1228321 0.1181832 0.1181832 0.1275015 0.1228321 0.1181832 0.1228321 0.1381644 0.1089465 0.1043585 0.1043585 0.1089465 0.1283727 0.0952427 0.0679327 0.0000000 0.1429459 0.3196089 0.3461673 0.3983468 0.4213411 0.4213411 
NC_016470.1_Puma       0.0984185 0.0721796 0.0721796 0.0721796 0.0765889 0.0765889 0.0767526 0.0721796 0.0721796 0.0677890 0.0677890 0.0721796 0.0721796 0.0677890 0.0764259 0.0721796 0.0765889 0.0765889 0.0765889 0.0899303 0.0854641 0.0899303 0.0944156 0.1043585 0.0854641 0.0899303 0.0899303 0.0854641 0.1231092 0.0993534 0.0856484 0.1429459 0.0000000 0.2981529 0.3237400 0.3737235 0.3801672 0.3801672 
MG230229.1             0.2162325 0.2495344 0.2495344 0.2550890 0.2550890 0.2550890 0.2557832 0.2495344 0.2495344 0.2550890 0.2550890 0.2606720 0.2606720 0.2550890 0.2543991 0.2606720 0.2662838 0.2606720 0.2606720 0.2832927 0.2775939 0.2662838 0.2719244 0.3040268 0.1841124 0.1789438 0.1789438 0.1841124 0.2013154 0.2906545 0.2726772 0.3196089 0.2981529 0.0000000 0.0418332 0.0593125 0.0727981 0.0727981 
MG230230.1             0.2391484 0.2734349 0.2734349 0.2791449 0.2791449 0.2791449 0.2799279 0.2734349 0.2734349 0.2791449 0.2791449 0.2848847 0.2848847 0.2791449 0.2783669 0.2848847 0.2906545 0.2848847 0.2848847 0.3081451 0.3022845 0.2848847 0.2906545 0.3297869 0.2061041 0.2007985 0.2007985 0.2061041 0.2066375 0.3158682 0.2973008 0.3461673 0.3237400 0.0418332 0.0000000 0.0680770 0.0817174 0.0817174 
MG230231.1             0.2831117 0.3196089 0.3196089 0.3256721 0.3256721 0.3256721 0.3266480 0.3196089 0.3196089 0.3256721 0.3256721 0.3317674 0.3317674 0.3256721 0.3247021 0.3317674 0.3378959 0.3317674 0.3317674 0.3564832 0.3502537 0.3378959 0.3440580 0.3801672 0.2480088 0.2423982 0.2423982 0.2480088 0.2417402 0.3650139 0.3451088 0.3983468 0.3737235 0.0593125 0.0680770 0.0000000 0.0122694 0.0122694 
MG230233.1             0.3025008 0.3399543 0.3399543 0.3461673 0.3461673 0.3461673 0.3472337 0.3399543 0.3399543 0.3461673 0.3461673 0.3524148 0.3524148 0.3461673 0.3451088 0.3524148 0.3586970 0.3524148 0.3524148 0.3777531 0.3713659 0.3586970 0.3650139 0.4023478 0.2665082 0.2607665 0.2607665 0.2665082 0.2600410 0.3866471 0.3661606 0.4213411 0.3801672 0.0727981 0.0817174 0.0122694 0.0000000 0.0000010 
MG230234.1             0.3025008 0.3399543 0.3399543 0.3461673 0.3461673 0.3461673 0.3472337 0.3399543 0.3399543 0.3461673 0.3461673 0.3524148 0.3524148 0.3461673 0.3451088 0.3524148 0.3586970 0.3524148 0.3524148 0.3777531 0.3713659 0.3586970 0.3650139 0.4023478 0.2665082 0.2607665 0.2607665 0.2665082 0.2600410 0.3866471 0.3661606 0.4213411 0.3801672 0.0727981 0.0817174 0.0122694 0.0000010 0.0000000 
