16
NC_016470.1_2013-3582 0.0000000 0.0720369 0.0522645 0.0522645 0.0522645 0.0522645 0.0522645 0.0522645 0.0559656 0.0552459 0.0737615 0.0522645 0.0522645 0.1123263 0.0627869 0.0784446 
NC_028302.1_1782-3355 0.0720369 0.0000000 0.0442924 0.0442924 0.0442924 0.0474562 0.0506471 0.0442924 0.0477479 0.0471682 0.0713007 0.0506471 0.0506471 0.0852153 0.0607703 0.0757561 
MG230196.1            0.0522645 0.0442924 0.0000000 0.0055429 0.0000010 0.0027593 0.0169250 0.0055429 0.0027737 0.0083962 0.0615596 0.0111842 0.0111842 0.0821230 0.0512801 0.0324733 
MG230197.1            0.0522645 0.0442924 0.0055429 0.0000000 0.0055429 0.0083508 0.0227668 0.0000010 0.0083962 0.0141190 0.0615596 0.0055429 0.0055429 0.0821230 0.0512801 0.0387357 
MG230198.1            0.0522645 0.0442924 0.0000010 0.0055429 0.0000000 0.0027593 0.0169250 0.0055429 0.0027737 0.0083962 0.0615596 0.0111842 0.0111842 0.0821230 0.0512801 0.0324733 
MG230199.1            0.0522645 0.0474562 0.0027593 0.0083508 0.0027593 0.0000000 0.0198332 0.0083508 0.0055719 0.0112449 0.0649364 0.0140421 0.0140421 0.0858354 0.0545462 0.0355903 
MG230200.1            0.0522645 0.0506471 0.0169250 0.0227668 0.0169250 0.0198332 0.0000000 0.0227668 0.0199440 0.0258726 0.0615596 0.0287109 0.0287109 0.0895819 0.0512801 0.0263233 
MG230201.1            0.0522645 0.0442924 0.0055429 0.0000010 0.0055429 0.0083508 0.0227668 0.0000000 0.0083962 0.0141190 0.0615596 0.0055429 0.0055429 0.0821230 0.0512801 0.0387357 
MG230202.1            0.0559656 0.0477479 0.0027737 0.0083962 0.0027737 0.0055719 0.0199440 0.0083962 0.0000000 0.0113063 0.0653660 0.0141190 0.0141190 0.0864659 0.0548936 0.0358048 
MG230203.1            0.0552459 0.0471682 0.0083962 0.0141190 0.0083962 0.0112449 0.0258726 0.0141190 0.0113063 0.0000000 0.0645130 0.0199440 0.0199440 0.0852153 0.0542028 0.0421673 
MG230205.1            0.0737615 0.0713007 0.0615596 0.0615596 0.0615596 0.0649364 0.0615596 0.0615596 0.0653660 0.0645130 0.0000000 0.0615596 0.0615596 0.0711896 0.0172093 0.0773437 
MG230207.1            0.0522645 0.0506471 0.0111842 0.0055429 0.0111842 0.0140421 0.0287109 0.0055429 0.0141190 0.0199440 0.0615596 0.0000000 0.0000010 0.0821230 0.0512801 0.0451119 
MG230208.1            0.0522645 0.0506471 0.0111842 0.0055429 0.0111842 0.0140421 0.0287109 0.0055429 0.0141190 0.0199440 0.0615596 0.0000010 0.0000000 0.0821230 0.0512801 0.0451119 
MG230211.1            0.1123263 0.0852153 0.0821230 0.0821230 0.0821230 0.0858354 0.0895819 0.0821230 0.0864659 0.0852153 0.0711896 0.0821230 0.0821230 0.0000000 0.0492686 0.1082481 
MG230212.1            0.0627869 0.0607703 0.0512801 0.0512801 0.0512801 0.0545462 0.0512801 0.0512801 0.0548936 0.0542028 0.0172093 0.0512801 0.0512801 0.0492686 0.0000000 0.0662446 
MG230232.1            0.0784446 0.0757561 0.0324733 0.0387357 0.0324733 0.0355903 0.0263233 0.0387357 0.0358048 0.0421673 0.0773437 0.0451119 0.0451119 0.1082481 0.0662446 0.0000000 
